00000000
00000000
00000000
00000000
00100000
01100011
00000000
00000001
00000000
00000000
00000000
00000000
10001100
10101001
00000000
00000001
00000000
00000000
00000000
00000000
00000000
00000000
00000000
00000000
00100000
10100101
00000000
00000010
00000000
00000000
00000000
00000000
00000001
00101010
01001000
00100110 
00000000
00000000
00000000
00000000
00000000
00000000
00000000
00000000
00000000
00000000
00000000
00000000
10101100
11001001
00000000
00000001
00000000
00000000
00000000
00000000
00000000
00000000
00000000
00000000
00100000
11000110
00000000
00000010
00000000
00000000
00000000
00000000
00010000
10000011
00000000
00000001
00000000
00000000
00000000
00000000
00000000
00000000
00000000
00000000
00000000
00000000
00000000
00000000
00001000
00000000
00000000
00000001
00000000
00000000
00000000
00000000
00000000
00000000
00000000
00000000
00000000
00000000
00000000
00000000
0
0
0
0
0
0
0
0
0
0
0
0
0
0
0
0
0






